0
19
35
49
78
99
122
142
157
189
210
245
265
279
275
203
147
86
55
17
-7
-35
-62
-88
-110
-140
-162
-187
-211
-233
-237
-235
-174
-115
-75
-24
29
39
-9
-36
-73
-90
-100
-49
8
51
108
156
266
233
177
120
67
51
-28
-60
-133
-151
-81
-26
7
40
51
41
5
-25
-62
-81
-81
-55
-25
15
27
19
-11
-36
-65
-78
-46
-25
16
39
55
79
57
23
5
-22
-37
-39
-21
-5
9
8
-12
-14
1
9
-6
-23
9
51
-5
-74
-145
-92
7
43
1
-69
-133
-199
-247
-205
-66
13
94
202
259
285
224
121
55
-89
-188
-277
-298
-239
-194
-173
-221
-243
-171
-110
-19
-76
-85
-9
74
163
194
159
141
214
253
279
211
73
-51
-150
-259
-297
-253
-189
-124
-75
-15
79
143
207
249
267
264
208
154
110
61
8
-29
-77
-110
-177
-195
-232
-233
-197
-97
-59
48
68
9
-41
-69
-96
-101
-54
-18
27
49
48
-11
-35
-64
-53
-12
21
44
57
39
15
5
-15
-32
-44
-47
-28
3
35
50
61
51
15
-7
-29
-34
2
37
19
-8
-33
-41
-7
29
36
9
-11
-25
-25
19
25
-22
-33
-48
-87
-57
16
57
136
157
209
169
100
39
-12
-75
-121
-117
-58
18
82
148
176
227
255
284
297
262
177
126
79
23
-43
-109
-164
-204
-238
-261
-287
-290
-290
-267
-211
-183
-109
-67
-18
3
257
233
189
153
91
63
23
-11
-40
-74
-111
-157
-195
-223
-244
-244
-225
-213
-163
-153
-132
-103
-64
-15
15
75
159
240
241
187
160
98
-23
-119
-207
-237
-145
-97
-23
94
181
172
43
-36
-94
-53
-5
69
136
171
171
99
26
-26
-74
-78
-7
29
-20
-37
1
14
24
2
-9
-16
17
33
37
-44
-81
-15
24
59
101
47
-16
-69
-78
5
99
181
57
-31
-136
-187
-66
6
119
174
170
57
9
-54
-102
-141
-173
-195
-194
-101
-73
-23
-5
43
51
73
110
151
190
216
234
265
255
204
137
133
138
112
69
35
-5
-49
-97
-162
-199
-154
-132
-118
-34
59
123
221
283
268
203
146
93
11
-41
-84
-148
-171
-157
-99
-81
-26
15
87
125
212
256
265
201
118
59
-14
-55
-134
-189
-226
-281
-279
-251
-188
-170
-99
-19
40
112
183
245
280
246
193
119
69
16
-33
-72
-122
-173
-217
-235
-185
-127
-68
-18
-5
45
78
65
43
6
-29
-49
-43
-17
9
26
35
14
-13
-23
-33
-9
19
27
-2
-21
-7
26
-15
-11
7
-13
33
15
-31
-15
18
-20
5
17
-37
-8
10
-19
-49
-5
9
-21
19
-57
-15
20
47
62
53
11
-33
-65
-53
-3
39
68
87
96
57
29
-1
-35
-65
-67
-28
1
32
83
99
112
57
-16
-66
-99
-77
-15
65
137
193
215
108
13
-99
-185
-193
-226
-162
-59
52
187
271
214
110
9
-77
-145
-192
-239
-277
-295
-299
-279
-257
-199
-142
-84
5
63
125
214
269
297
273
258
225
184
145
105
45
-14
-73
-99
-135
-157
-186
-230
-225
-205
-110
-41
13
103
164
162
122
69
5
-65
-111
-143
-107
-79
-21
46
87
117
106
43
7
-40
-84
-26
-3
43
40
9
-14
-21
15
23
5
-14
-13
10
-14
-10
6
2
1
1
1
1
1
1
2
