17
38
68
107
155
212
222
218
200
168
122
62
-12
-100
-202
-205
-203
-196
-184
-167
-145
-118
-86
-49
-7
40
92
149
211
191
163
127
83
31
-29
-97
-173
-176
-170
-155
-131
-98
-56
-5
55
124
202
197
183
160
128
87
37
-22
-90
-167
-156
-132
-95
-45
18
94
183
151
110
60
1
-67
-144
-115
-80
-39
8
61
120
185
161
129
89
41
-15
-79
-151
-155
-153
-145
-131
-111
-85
-53
-15
29
79
135
197
196
181
152
109
52
-19
-104
-203
-168
-122
-65
3
82
172
182
186
184
176
162
142
116
84
46
2
-48
-104
-166
-164
-148
-118
-74
-16
56
142
159
164
157
138
107
64
9
-58
-137
-139
-133
-119
-97
-67
-29
17
71
133
131
118
94
59
13
-44
-112
-91
-65
-34
2
43
89
140
190
196
184
160
124
76
16
-56
-140
-118
-84
-38
20
90
172
179
177
166
146
117
79
32
-24
-89
-163
-135
-99
-55
-3
57
125
201
213
211
195
165
121
63
-9
-95
-195
-159
-114
-60
3
75
156
146
122
84
32
-34
-114
-208
-183
-145
-94
-30
47
137
112
74
23
-41
-118
-208
-194
-173
-145
-110
-68
-19
37
100
170
178
179
173
160
140
113
79
38
-10
-65
-127
-139
-145
-154
-145
-139
-127
-109
-85
-55
-19
23
71
125
185
148
99
38
-35
-120
-86
-45
3
58
120
189
201
204
198
183
159
126
84
33
-27
-96
-174
-196
-204
-205
-199
-186
-166
-139
-105
-64
-16
39
101
170
180
185
190
185
180
170
155
135
110
80
45
5
-40
-90
-145
-205
-195
-179
-157
-129
-95
-55
-9
43
101
165
235
234
222
199
165
120
64
-3
-81
-170
-143
-107
-62
-8
55
127
208
190
160
118
64
-2
-80
-168
-170
-161
-143
-116
-80
-35
19
82
154
235
227
214
196
173
145
112
74
31
-17
-70
-128
-191
-187
-174
-152
-121
-81
-32
26
93
169
131
80
16
-61
-151
-157
-156
-148
-133
-111
-82
-46
-3
47
104
168
239
214
175
122
55
-26
-121
-116
-98
-67
-23
34
104
187
167
137
97
47
-13
-83
-163
-157
-142
-118
-85
-43
8
68
137
215
205
185
155
115
65
5
-65
-145
-146
-135
-112
-77
-30
29
100
183
185
173
147
107
53
-15
-97
-193
-179
-151
-109
-53
17
101
199
205
198
178
145
99
40
-32
-117
-108
-93
-72
-45
-12
27
72
123
180
145
101
48
-14
-85
-165
-155
-140
-120
-95
-65
-30
10
55
105
160
220
232
236
232
220
200
172
136
92
40
-20
-88
-164
-168
-159
-137
-102
-54
7
81
168
145
108
57
-8
-87
-180
-173
-160
-141
-116
-85
-48
-5
44
99
160
158
144
118
80
30
-32
-106
-192
-164
-124
-72
-8
68
156
142
119
87
46
-4
-63
-131
-110
-81
-44
1
54
115
184
200
205
199
182
154
115
65
4
-68
-151
-118
-79
-34
17
74
137
206
196
176
146
106
56
-4
-74
-154
-137
-113
-82
-44
1
53
112
115
105
82
46
-3
-65
-140
-122
-90
-44
16
90
178
163
141
112
76
33
-17
